A = zeros(10, 10);
A(3:8, 3:8) = 1