A = [3 4 5; 2 -3 7; 1 -6 1];
b = [2; -1; 3];
x = A \ b;

A * x - b
