A = [3/2 1/2; -1/2 1/2];

A^1000
A^-10